camera_matrix:
- - 1237.0997928450688
  - 0.0
  - 944.2815409963811
- - 0.0
  - 1231.892449782019
  - 546.0240890545015
- - 0.0
  - 0.0
  - 1.0
camera_resolution:
- 1920
- 1080
distort_coefs:
- 0.08005278116109732
- -0.039205541800382986
- -0.009012010811878567
- -0.005724564424245133
- -0.2975870717810594
running_average_alpha: 0.75
segmentation_classes:
- input_colors:
  - max:
    - 180.0
    - 254.99999999999997
    - 254.99999999999997
    min:
    - 3.0
    - 7.6499999999999995
    - 109.64999999999999
    name: blue
  kernel_size: 25
  morph_op: close
  name: obstacle
  output_color: 85
- input_colors:
  - max:
    - 180.0
    - 254.99999999999997
    - 254.99999999999997
    min:
    - 97.0
    - 127.49999999999999
    - 17.849999999999998
    name: orange
  - max:
    - 180.0
    - 254.99999999999997
    - 254.99999999999997
    min:
    - 108.5
    - 0.0
    - 84.14999999999999
    name: red
  kernel_size: 0
  morph_op: open
  name: arm
  output_color: 255
ws_corners:
  bottom_left:
  - 753.2620264313148
  - 498.00470086319916
  bottom_right:
  - 1208.7173890588952
  - 1004.4534631007798
  top_left:
  - 1247.3013490773894
  - 43.696409711293484
  top_right:
  - 1716.1028837238332
  - 542.2521385875308
