camera_matrix:
- - 1237.0997928450688
  - 0.0
  - 944.2815409963811
- - 0.0
  - 1231.892449782019
  - 546.0240890545015
- - 0.0
  - 0.0
  - 1.0
camera_resolution:
- 1920
- 1080
distort_coefs:
- 0.08005278116109732
- -0.039205541800382986
- -0.009012010811878567
- -0.005724564424245133
- -0.2975870717810594
running_average_alpha: 0.75
segmentation_classes:
- input_colors:
  - max:
    - 121.5
    - 254.99999999999997
    - 239.7
    min:
    - 105.0
    - 40.8
    - 43.349999999999994
    name: blue
  kernel_size: 25
  morph_op: close
  name: obstacle
  output_color: 85
- input_colors:
  - max:
    - 32.0
    - 196.35
    - 254.99999999999997
    min:
    - 5.0
    - 107.1
    - 117.3
    name: orange
  - max:
    - 180.0
    - 254.99999999999997
    - 254.99999999999997
    min:
    - 115.5
    - 25.5
    - 165.75
    name: red
  kernel_size: 0
  morph_op: open
  name: arm
  output_color: 255
ws_corners:
  bottom_left:
  - 1137.6778204450545
  - 887.3713168722264
  bottom_right:
  - 1174.3498003658467
  - 282.0591715572472
  top_left:
  - 546.1144006706727
  - 850.8972553091083
  top_right:
  - 568.6589088534023
  - 246.01456832489612
