camera_matrix:
- - 1237.0997928450688
  - 0.0
  - 944.2815409963811
- - 0.0
  - 1231.892449782019
  - 546.0240890545015
- - 0.0
  - 0.0
  - 1.0
camera_resolution:
- 1920
- 1080
distort_coefs:
- 0.08005278116109732
- -0.039205541800382986
- -0.009012010811878567
- -0.005724564424245133
- -0.2975870717810594
running_average_alpha: 0.75
segmentation_classes:
- input_colors:
  - max:
    - 1.490000000000000000e+02
    - 3.825000000000000000e+01
    - 8.669999999999998863e+01
    min:
    - 1.800000000000000000e+02
    - 1.785000000000000000e+02
    - 2.549999999999999716e+02
    name: red
  kernel_size: 25
  morph_op: close
  name: obstacle
  output_color: 85
- input_colors:
  - max:
    - 32.0
    - 196.35
    - 254.99999999999997
    min:
    - 5.0
    - 107.1
    - 117.3
    name: black
  - max:
    - 180.0
    - 254.99999999999997
    - 254.99999999999997
    min:
    - 115.5
    - 25.5
    - 165.75
    name: white
  kernel_size: 0
  morph_op: open
  name: arm
  output_color: 255
ws_corners:
  bottom_left:
  - 753.2620264313148
  - 498.00470086319916
  bottom_right:
  - 1208.7173890588952
  - 1004.4534631007798
  top_left:
  - 1247.3013490773894
  - 43.696409711293484
  top_right:
  - 1716.1028837238332
  - 542.2521385875308
